              precision    recall  f1-score   support

           0     1.0000    1.0000    1.0000        45
           1     0.9388    1.0000    0.9684        46
           2     0.9565    1.0000    0.9778        44
           3     0.9783    0.9783    0.9783        46
           4     0.9767    0.9333    0.9545        45
           5     0.9778    0.9565    0.9670        46
           6     0.9778    0.9778    0.9778        45
           7     0.9167    0.9778    0.9462        45
           8     0.9750    0.9070    0.9398        43
           9     0.9535    0.9111    0.9318        45

    accuracy                         0.9644       450
   macro avg     0.9651    0.9642    0.9642       450
weighted avg     0.9651    0.9644    0.9643       450
