              precision    recall  f1-score   support

           0       1.00      1.00      1.00        45
           1       0.94      1.00      0.97        46
           2       0.96      1.00      0.98        44
           3       0.98      0.98      0.98        46
           4       0.98      0.93      0.95        45
           5       0.98      0.96      0.97        46
           6       0.98      0.98      0.98        45
           7       0.92      0.98      0.95        45
           8       0.97      0.91      0.94        43
           9       0.95      0.91      0.93        45

    accuracy                           0.96       450
   macro avg       0.97      0.96      0.96       450
weighted avg       0.97      0.96      0.96       450
