              precision    recall  f1-score   support

           0     1.0000    1.0000    1.0000        45
           1     0.9574    0.9783    0.9677        46
           2     1.0000    1.0000    1.0000        44
           3     1.0000    1.0000    1.0000        46
           4     0.9565    0.9778    0.9670        45
           5     0.9783    0.9783    0.9783        46
           6     0.9783    1.0000    0.9890        45
           7     0.9565    0.9778    0.9670        45
           8     1.0000    0.9302    0.9639        43
           9     0.9773    0.9556    0.9663        45

    accuracy                         0.9800       450
   macro avg     0.9804    0.9798    0.9799       450
weighted avg     0.9803    0.9800    0.9800       450
